1287132286 325
1287132719 325
1287142731 326
1287142754 327
1287143013 332
1287144300 336
1287144312 343
1287146623 346
1287153066 346
1287154989 352
1287156409 365
1287156435 365
1287156461 365
1287156734 365
1287157372 366
1287239961 375
1287245373 375
1287245401 376
1287245437 376
1287245511 376
1287245527 376
1287245539 376
1287245564 376
1287246886 376
1287328788 376
1287328803 376
1287412148 376
1287412815 381
1287425517 381
1287425967 381
1287426101 381
1287426211 381
1287438650 381
1287508773 381
1287525390 381
1287525679 546
1287526590 546
1287527957 552
1287529275 557
1287531923 557
1287532121 558
1287535510 569
1287536668 576
1287536722 576
1287536727 577
1287536751 577
1287537048 579
1287537484 579
1287537511 579
1287537806 583
1287538138 584
1287583683 584
1287600571 584
1287601396 584
1287601794 586
1287607737 615
1287607767 626
1287608776 626
1287612638 628
1287612655 628
1287613012 631
1287613494 637
1287617557 661
1287618183 661
1287619372 662
1287619377 679
1287629344 682
1287629590 682
1287684625 690
1287684636 757
1287688408 757
1287689012 765
1287690518 785
1287690747 785
1287690984 785
1287691005 778
1287693447 778
1287693906 775
1287694389 773
1287694611 787
1287697219 788
1287697544 802
1287698365 837
1287698525 837
1287701330 840
1287701520 841
1287742004 841
1287742072 841
1287751815 846
1287774582 865
1287774839 871
1287777393 872
1287778703 877
1287782827 899
1287782904 899
1287782978 899
1287788871 911
1287789917 897
1287790146 899
1287791090 901
1287791708 931
1287796889 925
1287799897 932
1287830230 932
1287830662 944
1287830790 944
1287839143 944
1287845267 944
1287867881 946
1287869437 946
1287913104 946
1287919622 946
1287919775 946
1287921110 947
1287923446 962
1287923451 962
1287923562 962
1287937567 980
1287997495 991
1287997749 1003
1288013983 1003
1288014089 1002
1288014157 1002
1288014207 999
1288014278 1000
1288014379 1000
1288014698 997
1288014949 998
1288020229 999
1288020448 1000
1288020485 1001
1288021810 1003
1288021976 1003
1288022298 1003
1288031454 1002
1288031524 1001
1288031535 1001
1288031929 1001
1288034290 1000
1288035114 999
1288043947 999
1288046581 999
1288084687 999
1288088209 999
